[[-4.5493905   4.20233242]
 [ 3.04425199 -3.41107689]
 [-4.64619995 -2.36745389]
 [-1.86619093  3.34109718]
 [ 3.57971012 -0.48229002]
 [-3.8228002   3.08200122]
 [-3.85446474  4.81167025]
 [-3.7756069   2.03677838]
 [-3.83377587  1.96269567]
 [-4.56140011 -3.25714547]
 [-4.98881559 -4.13173473]
 [ 4.63844893 -4.40542592]
 [-3.56121597  2.98834678]
 [-3.44186243  3.85557019]
 [-3.84181872  4.91558582]
 [-4.30841864 -2.74815307]
 [-2.8508799   3.17832282]
 [ 3.9465611  -4.13957219]
 [ 0.78330796  0.10013033]
 [ 3.71271534 -1.1841228 ]
 [ 3.86760186 -1.38127448]
 [ 4.27511549 -3.79911672]
 [-1.16557944  2.63338153]
 [ 4.24179956 -0.09765285]
 [-4.80679749 -2.21281539]
 [ 2.82510025  2.08558782]
 [-3.84016803  1.34378016]
 [-3.23814182  4.14769897]
 [-4.19753812 -5.3938453 ]
 [-1.03159223  2.52101942]
 [ 0.51797553  6.39493883]
 [-4.19753812 -9.5938453 ]
 [-1.03159223 -1.67898058]
 [ 0.51797553  2.19493883]]
[ 1. -1.  1.  1. -1.  1.  1.  1.  1.  1.  1. -1.  1.  1.  1.  1.  1. -1.
 -1. -1. -1. -1.  1. -1.  1. -1.  1.  1.  1.  1.  1. -1. -1. -1.]
